0 10
0.816326530612245 10
1.63265306122449 10
2.44897959183673 10
3.26530612244898 10
4.08163265306122 10
4.89795918367347 10
5.71428571428571 10
6.53061224489796 10
7.3469387755102 10
8.16326530612245 10
8.97959183673469 10
9.79591836734694 10
10.6122448979592 10
11.4285714285714 10
12.2448979591837 10
13.0612244897959 10
13.8775510204082 10
14.6938775510204 10
15.5102040816327 10
16.3265306122449 10
17.1428571428571 10
17.9591836734694 10
18.7755102040816 10
19.5918367346939 10
20.4081632653061 10
21.2244897959184 10
22.0408163265306 10
22.8571428571429 10
23.6734693877551 10
24.4897959183673 10
25.3061224489796 10
26.1224489795918 10
26.9387755102041 10
27.7551020408163 10
28.5714285714286 10
29.3877551020408 10
30.2040816326531 10
31.0204081632653 10
31.8367346938776 10
32.6530612244898 10
33.469387755102 10
34.2857142857143 10
35.1020408163265 10
35.9183673469388 10
36.734693877551 10
37.5510204081633 10
38.3673469387755 10
39.1836734693878 10
40 10
40 10
40.4040404040404 10.0053205249104
40.8080808080808 10.0211378142202
41.2121212121212 10.0472354397974
41.6161616161616 10.0833969735102
42.020202020202 10.1294059872266
42.4242424242424 10.1850460528146
42.8282828282828 10.2501007421424
43.2323232323232 10.3243536270778
43.6363636363636 10.4075882794891
44.040404040404 10.4995882712442
44.4444444444444 10.6001371742112
44.8484848484849 10.7090185602582
45.2525252525253 10.8260160012532
45.6565656565657 10.9509130690643
46.0606060606061 11.0834933355595
46.4646464646465 11.2235403726068
46.8686868686869 11.3708377520744
47.2727272727273 11.5251690458302
47.6767676767677 11.6863178257424
48.0808080808081 11.8540676636789
48.4848484848485 12.0282021315079
48.8888888888889 12.2085048010974
49.2929292929293 12.3947592443154
49.6969696969697 12.58674903303
50.1010101010101 12.7842577391093
50.5050505050505 12.9870689344212
50.9090909090909 13.194966190834
51.3131313131313 13.4077330802155
51.7171717171717 13.6251531744339
52.1212121212121 13.8470100453572
52.5252525252525 14.0730872648534
52.9292929292929 14.3031684047907
53.3333333333333 14.537037037037
53.7373737373737 14.7744767334605
54.1414141414141 15.0152710659292
54.5454545454545 15.259203606311
54.9494949494949 15.5060579264742
55.3535353535353 15.7556175982867
55.7575757575758 16.0076661936166
56.1616161616162 16.2619872843319
56.5656565656566 16.5183644423008
56.969696969697 16.7765812393912
57.3737373737374 17.0364212474711
57.7777777777778 17.2976680384088
58.1818181818182 17.5601051840721
58.5858585858586 17.8235162563292
58.989898989899 18.0876848270482
59.3939393939394 18.3523944680969
59.7979797979798 18.6174287513437
60.2020202020202 18.8825712486563
60.6060606060606 19.1476055319031
61.010101010101 19.4123151729518
61.4141414141414 19.6764837436708
61.8181818181818 19.9398948159279
62.2222222222222 20.2023319615912
62.6262626262626 20.4635787525289
63.030303030303 20.7234187606088
63.4343434343434 20.9816355576992
63.8383838383838 21.2380127156681
64.2424242424242 21.4923338063834
64.6464646464647 21.7443824017133
65.0505050505051 21.9939420735258
65.4545454545455 22.240796393689
65.8585858585859 22.4847289340708
66.2626262626263 22.7255232665395
66.6666666666667 22.962962962963
67.0707070707071 23.1968315952093
67.4747474747475 23.4269127351466
67.8787878787879 23.6529899546428
68.2828282828283 23.8748468255661
68.6868686868687 24.0922669197845
69.0909090909091 24.305033809166
69.4949494949495 24.5129310655788
69.8989898989899 24.7157422608907
70.3030303030303 24.91325096697
70.7070707070707 25.1052407556846
71.1111111111111 25.2914951989026
71.5151515151515 25.4717978684921
71.9191919191919 25.6459323363211
72.3232323232323 25.8136821742576
72.7272727272727 25.9748309541698
73.1313131313131 26.1291622479256
73.5353535353535 26.2764596273932
73.9393939393939 26.4165066644405
74.3434343434344 26.5490869309357
74.7474747474747 26.6739839987468
75.1515151515152 26.7909814397418
75.5555555555556 26.8998628257888
75.959595959596 27.0004117287558
76.3636363636364 27.0924117205109
76.7676767676768 27.1756463729222
77.1717171717172 27.2498992578576
77.5757575757576 27.3149539471853
77.979797979798 27.3705940127734
78.3838383838384 27.4166030264898
78.7878787878788 27.4527645602026
79.1919191919192 27.4788621857798
79.5959595959596 27.4946794750896
80 27.5
