80 27.5
79.600040812162 26.9444444444444
79.2082440567289 26.3888888888889
78.8246097337006 25.8333333333333
78.4491378430772 25.2777777777778
78.0818283848587 24.7222222222222
77.722681359045 24.1666666666667
77.3716967656362 23.6111111111111
77.0288746046322 23.0555555555556
76.6942148760331 22.5
76.3677175798388 21.9444444444444
76.0493827160494 21.3888888888889
75.7392102846648 20.8333333333333
75.4372002856851 20.2777777777778
75.1433527191103 19.7222222222222
74.8576675849403 19.1666666666667
74.5801448831752 18.6111111111111
74.3107846138149 18.0555555555556
74.0495867768595 17.5
73.796551372309 16.9444444444444
73.5516784001633 16.3888888888889
73.3149678604224 15.8333333333333
73.0864197530864 15.2777777777778
72.8660340781553 14.7222222222222
72.653810835629 14.1666666666667
72.4497500255076 13.6111111111111
72.253851647791 13.0555555555556
72.0661157024793 12.5
71.8865421895725 11.9444444444444
71.7151311090705 11.3888888888889
71.5518824609734 10.8333333333333
71.3967962452811 10.2777777777778
71.2498724619937 9.72222222222222
71.1111111111111 9.16666666666667
70.9805121926334 8.61111111111111
70.8580757065606 8.05555555555556
70.7438016528926 7.5
70.6376900316294 6.94444444444444
70.5397408427712 6.38888888888889
70.4499540863177 5.83333333333333
70.3683297622692 5.27777777777778
70.2948678706254 4.72222222222222
70.2295684113866 4.16666666666667
70.1724313845526 3.61111111111111
70.1234567901235 3.05555555555556
70.0826446280992 2.5
70.0499948984798 1.94444444444444
70.0255076012652 1.38888888888889
70.0091827364555 0.833333333333333
70.0010203040506 0.277777777777778
70.0010203040506 -0.277777777777778
70.0091827364555 -0.833333333333333
70.0255076012652 -1.38888888888889
70.0499948984798 -1.94444444444444
70.0826446280992 -2.5
70.1234567901235 -3.05555555555556
70.1724313845526 -3.61111111111111
70.2295684113866 -4.16666666666667
70.2948678706254 -4.72222222222222
70.3683297622692 -5.27777777777778
70.4499540863177 -5.83333333333333
70.5397408427712 -6.38888888888889
70.6376900316294 -6.94444444444444
70.7438016528926 -7.5
70.8580757065606 -8.05555555555556
70.9805121926334 -8.61111111111111
71.1111111111111 -9.16666666666667
71.2498724619937 -9.72222222222222
71.3967962452811 -10.2777777777778
71.5518824609734 -10.8333333333333
71.7151311090705 -11.3888888888889
71.8865421895725 -11.9444444444444
72.0661157024793 -12.5
72.253851647791 -13.0555555555556
72.4497500255076 -13.6111111111111
72.653810835629 -14.1666666666667
72.8660340781553 -14.7222222222222
73.0864197530864 -15.2777777777778
73.3149678604224 -15.8333333333333
73.5516784001633 -16.3888888888889
73.796551372309 -16.9444444444444
74.0495867768595 -17.5
74.3107846138149 -18.0555555555556
74.5801448831752 -18.6111111111111
74.8576675849403 -19.1666666666667
75.1433527191103 -19.7222222222222
75.4372002856851 -20.2777777777778
75.7392102846648 -20.8333333333333
76.0493827160494 -21.3888888888889
76.3677175798388 -21.9444444444444
76.6942148760331 -22.5
77.0288746046322 -23.0555555555556
77.3716967656362 -23.6111111111111
77.722681359045 -24.1666666666667
78.0818283848587 -24.7222222222222
78.4491378430772 -25.2777777777778
78.8246097337006 -25.8333333333333
79.2082440567289 -26.3888888888889
79.600040812162 -26.9444444444444
80 -27.5
